50 250 750 2250 4000 6000
50 250 750 2250 4000 6000
100 600 1800 5400 8000 11000
100 600 1800 5400 8000 11000
150 800 2000 6000 9000 12000
200 1000 3000 9000 12500 15000
200 1000 3000 9000 12500 15000
250 1250 3750 10000 14000 18000
300 1400 4000 11000 15000 19000
300 1400 4000 11000 15000 19000
350 1600 4400 12000 16000 20000
350 1800 5000 14000 17500 21000
400 2000 6000 15000 18500 22000
450 2200 6600 16000 19500 23000
450 2200 6600 16000 19500 23000
500 2400 7200 17000 20500 24000
550 2600 7800 18000 22000 25000
550 2600 7800 18000 22000 25000
600 3000 9000 20000 24000 28000
700 3500 10000 22000 26000 30000
1000 4000 12000 28000 34000 40000